tide data (time,eta,u,v) 
       0.0    0.0000    0.0000    0.0000
     360.0    0.1047    0.0000    0.0000
     720.0    0.2091    0.0000    0.0000
    1080.0    0.3129    0.0000    0.0000
    1440.0    0.4158    0.0000    0.0000
    1800.0    0.5176    0.0000    0.0000
    2160.0    0.6180    0.0000    0.0000
    2520.0    0.7167    0.0000    0.0000
    2880.0    0.8135    0.0000    0.0000
    3240.0    0.9080    0.0000    0.0000
    3600.0    1.0000    0.0000    0.0000
    3960.0    1.0893    0.0000    0.0000
    4320.0    1.1756    0.0000    0.0000
    4680.0    1.2586    0.0000    0.0000
    5040.0    1.3383    0.0000    0.0000
    5400.0    1.4142    0.0000    0.0000
    5760.0    1.4863    0.0000    0.0000
    6120.0    1.5543    0.0000    0.0000
    6480.0    1.6180    0.0000    0.0000
    6840.0    1.6773    0.0000    0.0000
    7200.0    1.7321    0.0000    0.0000
    7560.0    1.7820    0.0000    0.0000
    7920.0    1.8271    0.0000    0.0000
    8280.0    1.8672    0.0000    0.0000
    8640.0    1.9021    0.0000    0.0000
    9000.0    1.9319    0.0000    0.0000
    9360.0    1.9563    0.0000    0.0000
    9720.0    1.9754    0.0000    0.0000
   10080.0    1.9890    0.0000    0.0000
   10440.0    1.9973    0.0000    0.0000
   10800.0    2.0000    0.0000    0.0000
   11160.0    1.9973    0.0000    0.0000
   11520.0    1.9890    0.0000    0.0000
   11880.0    1.9754    0.0000    0.0000
   12240.0    1.9563    0.0000    0.0000
   12600.0    1.9319    0.0000    0.0000
   12960.0    1.9021    0.0000    0.0000
   13320.0    1.8672    0.0000    0.0000
   13680.0    1.8271    0.0000    0.0000
   14040.0    1.7820    0.0000    0.0000
   14400.0    1.7321    0.0000    0.0000
   14760.0    1.6773    0.0000    0.0000
   15120.0    1.6180    0.0000    0.0000
   15480.0    1.5543    0.0000    0.0000
   15840.0    1.4863    0.0000    0.0000
   16200.0    1.4142    0.0000    0.0000
   16560.0    1.3383    0.0000    0.0000
   16920.0    1.2586    0.0000    0.0000
   17280.0    1.1756    0.0000    0.0000
   17640.0    1.0893    0.0000    0.0000
   18000.0    1.0000    0.0000    0.0000
   18360.0    0.9080    0.0000    0.0000
   18720.0    0.8135    0.0000    0.0000
   19080.0    0.7167    0.0000    0.0000
   19440.0    0.6180    0.0000    0.0000
   19800.0    0.5176    0.0000    0.0000
   20160.0    0.4158    0.0000    0.0000
   20520.0    0.3129    0.0000    0.0000
   20880.0    0.2091    0.0000    0.0000
   21240.0    0.1047    0.0000    0.0000
   21600.0    0.0000    0.0000    0.0000
   21960.0   -0.1047   -0.0000   -0.0000
   22320.0   -0.2091   -0.0000   -0.0000
   22680.0   -0.3129   -0.0000   -0.0000
   23040.0   -0.4158   -0.0000   -0.0000
   23400.0   -0.5176   -0.0000   -0.0000
   23760.0   -0.6180   -0.0000   -0.0000
   24120.0   -0.7167   -0.0000   -0.0000
   24480.0   -0.8135   -0.0000   -0.0000
   24840.0   -0.9080   -0.0000   -0.0000
   25200.0   -1.0000   -0.0000   -0.0000
   25560.0   -1.0893   -0.0000   -0.0000
   25920.0   -1.1756   -0.0000   -0.0000
   26280.0   -1.2586   -0.0000   -0.0000
   26640.0   -1.3383   -0.0000   -0.0000
   27000.0   -1.4142   -0.0000   -0.0000
   27360.0   -1.4863   -0.0000   -0.0000
   27720.0   -1.5543   -0.0000   -0.0000
   28080.0   -1.6180   -0.0000   -0.0000
   28440.0   -1.6773   -0.0000   -0.0000
   28800.0   -1.7321   -0.0000   -0.0000
   29160.0   -1.7820   -0.0000   -0.0000
   29520.0   -1.8271   -0.0000   -0.0000
   29880.0   -1.8672   -0.0000   -0.0000
   30240.0   -1.9021   -0.0000   -0.0000
   30600.0   -1.9319   -0.0000   -0.0000
   30960.0   -1.9563   -0.0000   -0.0000
   31320.0   -1.9754   -0.0000   -0.0000
   31680.0   -1.9890   -0.0000   -0.0000
   32040.0   -1.9973   -0.0000   -0.0000
   32400.0   -2.0000   -0.0000   -0.0000
   32760.0   -1.9973   -0.0000   -0.0000
   33120.0   -1.9890   -0.0000   -0.0000
   33480.0   -1.9754   -0.0000   -0.0000
   33840.0   -1.9563   -0.0000   -0.0000
   34200.0   -1.9319   -0.0000   -0.0000
   34560.0   -1.9021   -0.0000   -0.0000
   34920.0   -1.8672   -0.0000   -0.0000
   35280.0   -1.8271   -0.0000   -0.0000
   35640.0   -1.7820   -0.0000   -0.0000
   36000.0   -1.7321   -0.0000   -0.0000
   36360.0   -1.6773   -0.0000   -0.0000
   36720.0   -1.6180   -0.0000   -0.0000
   37080.0   -1.5543   -0.0000   -0.0000
   37440.0   -1.4863   -0.0000   -0.0000
   37800.0   -1.4142   -0.0000   -0.0000
   38160.0   -1.3383   -0.0000   -0.0000
   38520.0   -1.2586   -0.0000   -0.0000
   38880.0   -1.1756   -0.0000   -0.0000
   39240.0   -1.0893   -0.0000   -0.0000
   39600.0   -1.0000   -0.0000   -0.0000
   39960.0   -0.9080   -0.0000   -0.0000
   40320.0   -0.8135   -0.0000   -0.0000
   40680.0   -0.7167   -0.0000   -0.0000
   41040.0   -0.6180   -0.0000   -0.0000
   41400.0   -0.5176   -0.0000   -0.0000
   41760.0   -0.4158   -0.0000   -0.0000
   42120.0   -0.3129   -0.0000   -0.0000
   42480.0   -0.2091   -0.0000   -0.0000
   42840.0   -0.1047   -0.0000   -0.0000
   43200.0   -0.0000   -0.0000   -0.0000
